   1 192   1   0  0.1939796E+01  0.0000000E+00
  CAR 
 unknown system                          
   0   0   0
   1   1
 256 256 256
 256
  0.1000000E-09
  0.6250000E-11
   1
  0.1000000E-14  0.6223215E-09  0.6223209E-09  0.1109719E-08
  0.1491672E+02  0.1491672E+02
  0.000
  0.000
  0.000
  0.000
  0.000
  0.000
  0.000
  0.000
  0.000
  0.000
  0.000
  4.682
  0.081
  0.000
  0.000
  0.000
  0.000
  0.000
  0.000
  0.648
  1.023
  0.315
  0.886
  1.855
  2.085
  1.300
  1.680
  1.156
  1.274
  1.119
  1.731
  1.376
  1.480
  1.005
  1.006
  0.389
  0.453
  0.302
  0.768
  0.448
  0.299
  0.784
  1.394
  1.160
  0.875
  0.943
  1.367
  1.101
  0.919
  2.474
  0.837
  1.177
  1.200
  1.219
  1.079
  0.966
  0.650
  0.794
  0.982
  0.852
  0.488
  0.554
  0.801
  0.712
  0.758
  1.141
  1.265
  1.332
  1.410
  1.018
  1.091
  1.049
  1.259
  1.091
  1.070
  1.269
  1.257
  0.943
  0.609
  0.741
  0.885
  0.752
  0.906
  0.677
  0.704
  0.831
  1.323
  0.968
  1.387
  1.102
  1.014
  1.125
  1.220
  1.295
  0.982
  0.992
  0.749
  0.886
  0.989
  0.940
  0.815
  1.353
  0.776
  0.911
  0.742
  0.757
  0.803
  0.789
  1.010
  1.132
  1.128
  1.094
  1.217
  1.104
  1.079
  0.949
  1.144
  1.263
  1.077
  0.878
  0.957
  0.936
  0.853
  1.222
  0.643
  0.848
  0.992
  0.854
  0.783
  0.832
  1.024
  1.396
  1.091
  1.419
  0.810
  1.071
  0.952
  0.997
  1.063
  1.035
  1.055
  1.005
  0.984
  0.994
  1.026
  0.869
  0.852
  0.908
  0.931
  1.052
  0.876
  0.946
  0.997
  1.006
  1.118
  1.046
  1.034
  0.892
  1.548
  1.009
  1.016
  0.863
  0.891
  1.145
  1.045
  0.910
  0.948
  0.996
  0.945
  0.866
  0.807
  0.865
  0.902
  1.143
  1.072
  1.039
  0.914
  0.920
  0.979
  1.269
  1.027
  0.991
  1.073
  1.056
  1.182
  1.019
  1.008
  0.813
  0.911
  0.884
  0.825
  0.941
  1.005
  1.015
  1.033
  1.012
  0.984
  1.153
  0.881
  0.814
  1.254
  0.923
  1.029
  0.967
  1.018
  0.978
  1.030
  1.128
  1.014
  0.882
  0.874
  0.975
  1.002
  0.932
  0.811
  0.991
  1.086
  1.027
  1.048
  0.938
  0.906
  1.268
  0.906
  0.991
  1.115
  1.034
  0.984
  0.972
  1.070
  0.963
  1.017
  0.909
  1.017
  0.993
  1.283
  0.956
  0.825
  0.870
  0.959
  0.905
  0.929
  1.056
  1.001
  0.996
  1.156
  1.072
  0.958
  1.022
  1.039
  1.061
  0.989
  0.831
  1.069
  0.997
  1.003
  0.974
